t,S,I,R 
0,0.99,0.01,0.0 
1,0.9868660637368389,0.011020193928792691,0.002113742334368502 
2,0.9834255917921251,0.01213243000299223,0.0044419782048829345 
3,0.9796538078834183,0.01334239514416498,0.0070037969724170545 
4,0.9755250270268138,0.014655552173051875,0.009819420800134558 
5,0.9710128777357591,0.016076976953073426,0.012910145311167635 
6,0.9660906007749941,0.01761117830917834,0.0162982209158276 
7,0.960731382849795,0.0192618826562248,0.020006734493980344 
8,0.954908776437292,0.021031796854242293,0.024059426708465767 
9,0.9485972001980755,0.02292234096293655,0.028480458838987928 
10,0.9417725383871428,0.024933347880140472,0.03329411373271665 
11,0.9344127395427232,0.027062792277993308,0.03852446817928349 
12,0.9264985507089625,0.029306472515693092,0.04419497677534438 
13,0.9180142754907425,0.03165772220018958,0.05032800230906769 
14,0.9089485548207042,0.03410714924717928,0.056944295932116314 
15,0.8992951558086856,0.0366424184821342,0.06406242570917993 
16,0.8890537281461277,0.0392481015145429,0.07169817033932911 
17,0.8782305024258463,0.04190561326786644,0.07986388430628699 
18,0.8668388671368796,0.04459326607975572,0.08856786678336442 
19,0.8548997980790378,0.047286447453691455,0.09781375446727057 
20,0.8424421055970405,0.049957932192823164,0.10759996221013615 
21,0.8295024627713262,0.05257833978351524,0.1179191974451583 
22,0.8161251704012625,0.055116743477702936,0.12875808612103434 
23,0.8023616579530466,0.0575414023924825,0.14009693965447076 
24,0.7882697514548618,0.059820581671992216,0.1519096668731459 
25,0.7739126903679325,0.061923448359716374,0.16416386127235094 
26,0.7593579298653845,0.0638209947464133,0.17682107538820208 
27,0.7446757797246901,0.06548692812316087,0.1898372921521489 
28,0.7299379754524294,0.06689848192933588,0.2031635426182346 
29,0.7152161955157448,0.06803711703102444,0.2167466874532307 
30,0.7005806063331224,0.068889067692632,0.23053032597424566 
31,0.6860985132230515,0.06944568337556037,0.2444558034013882 
32,0.6718331706862084,0.06970357496087363,0.25846325435291795 
33,0.6578427719745197,0.06966456979110826,0.27249265823437196 
34,0.6441796519866709,0.069335482394515,0.28648486561881403 
35,0.6308897347079255,0.06872769606698126,0.30038256922509315 
36,0.6180122057093139,0.06785662685818246,0.3141311674325036 
37,0.6055794029351868,0.06674108283732348,0.32767951422748975 
38,0.5936169022641988,0.06540256583391661,0.34098053190188454 
39,0.5821437688291169,0.0638645506097408,0.3539916805611424 
40,0.5711729398101919,0.06215177573905519,0.366675284450753 
41,0.5607117075731519,0.060289574393532316,0.3789987180333159 
42,0.5507622701381673,0.05830326676613982,0.390934463095693 
43,0.5413223226072412,0.05621763317914339,0.4024600442136154 
44,0.5323856489499392,0.05405646651954684,0.41355788453051395 
45,0.5239427155225351,0.05184221748480052,0.4242150669926644 
46,0.5159812383237823,0.04959572673523114,0.4344230349409866 
47,0.5084867137942417,0.04733603896078092,0.4441772472449774 
48,0.5014429042958558,0.04508029091033304,0.45347680479381125 
49,0.4948322749504575,0.04284366290350317,0.46232406214603944 
50,0.4886363809474661,0.04063938679340931,0.4707242322591247 
51,0.48283620503364655,0.038478800449651,0.47868499451670254 
52,0.4774124417126345,0.036371427608846645,0.48621613067851893 
53,0.47234574444048616,0.034325089324515085,0.49332916623499884 
54,0.46761692407067224,0.032346038399428415,0.5000370375298995 
55,0.46320711606456877,0.03043908862456839,0.5063537953108631 
56,0.459097909362215,0.028607765359360736,0.5122943252784244 
57,0.455271447495978,0.026854447127074008,0.5178741053769482 
58,0.4517105085880338,0.025180503005432252,0.5231089884065342 
59,0.4483985565541794,0.02358643082505115,0.5280150126207697 
60,0.4453197810984589,0.022071979574641704,0.5326082393268996 
61,0.44245911970624147,0.0206362671840258,0.5369046131097329 
62,0.43980226276512796,0.019277888794223624,0.5409198484406486 
63,0.4373356602812299,0.01799500953220144,0.5446693301865689 
64,0.43504650656547716,0.016785453229966805,0.5481680402045562 
65,0.43292272955500366,0.015646777494435937,0.5514304929505606 
66,0.4309529683531465,0.014576340972284326,0.5544706906745693 
67,0.4291265500929934,0.013571360517590537,0.5573020893894162 
68,0.4274334643810306,0.012628961869764985,0.5599375737492045 
69,0.4258643331449157,0.011746220747342325,0.562389446107742 
70,0.4244103835792041,0.010920199906198113,0.5646694165145978 
71,0.42306341621762333,0.010147977420971815,0.5667886063614048 
72,0.42181577615635846,0.00942667189350257,0.5687575519501389 
73,0.42066032296227274,0.008753462161818904,0.5705862148759083 
74,0.4195904004945636,0.008125601166512111,0.5722839983389243 
75,0.4185998098752533,0.007540430416089654,0.573859759708657 
76,0.41768278131030323,0.006995387403449948,0.5753218312862468 
77,0.41683394758522235,0.006488013035841324,0.5766780393789362 
78,0.4160483184004931,0.006015954650343141,0.5779357269491636 
79,0.4153212564647633,0.005576969748036664,0.5791017737872 
80,0.41464845423303187,0.005168925716278523,0.5801826200506895 
81,0.4140259121910141,0.00478980052602487,0.5811842872829609 
82,0.4134499181900226,0.004437680432722638,0.5821124013772546 
83,0.4129170278424591,0.004110758611793731,0.582972213545747 
84,0.41242404621858497,0.0038073315808454656,0.5837686222005696 
85,0.4119680106702633,0.0035257965632978488,0.5845061927664389 
86,0.41154617452951303,0.0032646473904573824,0.5851891780800296 
87,0.4111559919547908,0.0030224713031163732,0.5858215367420928 
88,0.4107951039185665,0.0027979431205021727,0.5864069529609313 
89,0.41046132528070517,0.002589822346298395,0.5869488523729964 
90,0.4101526316410815,0.002396950090906726,0.5874504182680117 
91,0.4098671463668625,0.002218242583173289,0.5879146110499642 
92,0.4096031349182073,0.0020526886922503035,0.5883441763895424 
93,0.4093589879541058,0.0018993449800885679,0.5887416670658057 
94,0.409133217312732,0.0017573321643346502,0.5891094505229334 
95,0.4089244458542047,0.0016258310924344242,0.589449723053361 
96,0.40873139643716033,0.0015040788958221715,0.5897645246670176 
97,0.40855289074721024,0.0013913664508300517,0.5900557428019598 
98,0.40838783500716463,0.0012870335870592117,0.5903251314057762 
99,0.4082352193540675,0.0011904672557850613,0.5905743133901475 
100,0.40809410862346424,0.0011010975937212654,0.5908047937828146 
101,0.4079636370803636,0.0010183952296295938,0.591017967690007 
102,0.40784300591914546,0.0009418693627266373,0.5912151247181281 
103,0.4077314723899842,0.000871063146751189,0.5913974644632648 
104,0.4076283518903677,0.0008055536471678762,0.5915660944624646 
105,0.4075330120999694,0.0007449488820122155,0.5917220390180186 
106,0.407444865289332,0.0006888842062006342,0.5918662505044675 
107,0.40736337073402484,0.0006370228051726511,0.5919996064608026 
108,0.40728802718286367,0.0005890519615561173,0.5921229208555803 
109,0.407218369709575,0.0005446812689929467,0.5922369490214323 
110,0.407153971048595,0.0005036429254249015,0.5923423860259803 
111,0.40709443407888013,0.00046568787593131154,0.5924398780451888 
112,0.4070393915711588,0.0004305854551994849,0.5925300229736419 
113,0.4069885055874518,0.00039812288067216426,0.5926133715318762 
114,0.4069414617991675,0.0003681021768699884,0.5926904360239627 
115,0.406897970293593,0.0003403404457811594,0.592761689260626 
116,0.4068577636621265,0.0003146687187334989,0.5928275676191401 
117,0.40682059318104463,0.00029092980119513855,0.5928884770177603 
118,0.4067862303411466,0.00026897901683310053,0.5929447906420203 
119,0.40675446326205744,0.0002486821376450436,0.5929968546002976 
120,0.4067250953191771,0.00022991453619945277,0.5930449901446235 
121,0.4066979446965121,0.00021256089767610298,0.5930894944058118 
122,0.40667284393839076,0.00019651493099333248,0.593130641130616 
123,0.40664963893737344,0.00018167865140349763,0.5931686824112231 
124,0.4066281884958867,0.0001679620956460419,0.5932038494084673 
125,0.4066083589964095,0.00015528039500384668,0.5932363606085866 
126,0.4065900274856016,0.00014355534716237588,0.593266417167236 
127,0.4065730812505391,0.00013271511818570172,0.5932942036312753 
128,0.4065574159034151,0.00012269316670739154,0.5933198909298776 
129,0.40654293402719344,0.00011342747457809934,0.5933436384982285 
130,0.4065295461452194,0.00010486098760989398,0.5933655928671707 
131,0.406517169687131,9.6941023573821e-05,0.5933858892892951 
132,0.40650572808293184,8.961874254104653e-05,0.5934046531745271 
133,0.40649515073458287,8.284909447424519e-05,0.5934220001709428 
134,0.40648537271046126,7.659062208855655e-05,0.5934380366674502 
135,0.40647633390493776,7.080494122169938e-05,0.5934528611538405 
136,0.4064679781751594,6.54562023712689e-05,0.5934665656224694 
137,0.4064602538647192,6.05114039163878e-05,0.5934792347313644 
138,0.40645311312288607,5.593996636657713e-05,0.5934909469107473 
139,0.40644651195208215,5.171377290788861e-05,0.5935017742750099 
140,0.4064404094609942,4.780668942445613e-05,0.5935117838495814 
141,0.4064347680730464,4.419469049878938e-05,0.5935210372364548 
142,0.4064295529509003,4.085550127359505e-05,0.5935295915478261 
143,0.4064247316787536,3.776839789219392e-05,0.5935374999233543 
144,0.40642027461011276,3.491441761214826e-05,0.5935448109722751 
145,0.40641615454482777,3.2276156004951945e-05,0.5935515692991673 
146,0.40641234624636546,2.9837465298625963e-05,0.5935578162883359 
147,0.40640882587158855,2.7583098726416907e-05,0.593563591029685 
148,0.40640557162330454,2.5499109406095112e-05,0.5935689292672894 
149,0.4064025632605696,2.357254437798046e-05,0.5935738641950524 
150,0.40639978211023614,2.1791453142231998e-05,0.5935784264366216 
151,0.40639721122672584,2.0144991278557366e-05,0.5935826437819955 
152,0.40639483467550497,1.8622960503478984e-05,0.5935865423639916 
153,0.4063926375840366,1.7215842305510717e-05,0.5935901465736578 
154,0.4063906062339845,1.5914856290195773e-05,0.5935934789097252 
155,0.4063887284206042,1.4712188162059698e-05,0.5935965593912337 
156,0.4063869925713326,1.3600429542977947e-05,0.5935994069991244 
157,0.40638538788953893,1.2572668978299764e-05,0.5936020394414827 
158,0.4063839043844434,1.162251064477896e-05,0.5936044731049118 
159,0.4063825330922672,1.0744214544717547e-05,0.593606722693188 
